590
4 259 
1 329 
4 517 
1 544 
4 664 
1 709 
1 813 
4 834 
1 919 
4 1030 
1 1060 
4 1143 
1 1178 
1 1252 
1 1328 
4 1348 
1 1407 
1 1477 
1 1535 
4 1552 
1 1603 
4 1625 
1 1672 
4 1702 
1 1720 
1 1765 
4 1782 
1 1803 
1 1867 
4 1892 
1 1903 
1 1952 
1 1973 
4 1993 
1 2040 
1 2065 
4 2070 
1 2092 
4 2155 
1 2170 
4 2225 
1 2238 
4 2295 
1 2310 
4 2368 
1 2382 
4 2445 
1 2458 
4 2513 
1 2528 
4 2590 
1 2603 
4 2622 
1 2635 
4 2703 
1 2723 
4 2777 
1 2788 
4 2883 
1 2903 
1 3068 
4 3088 
1 3207 
4 3232 
1 3373 
4 3390 
1 3497 
4 3517 
1 3605 
4 3628 
1 3727 
1 3748 
4 3770 
1 3835 
4 3918 
4 3947 
1 3948 
1 3973 
1 4072 
4 4105 
1 4113 
4 4180 
1 4192 
4 4237 
1 4250 
2 4315 
1 4317 
3 4340 
1 4343 
1 4363 
4 4368 
2 4387 
3 4393 
4 4408 
1 4413 
3 4425 
2 4433 
3 4448 
1 4458 
4 4467 
3 4487 
2 4497 
1 4523 
4 4525 
2 4563 
3 4567 
3 4582 
1 4593 
4 4595 
3 4617 
2 4622 
3 4637 
2 4640 
4 4660 
1 4665 
1 4687 
3 4688 
3 4707 
2 4710 
4 4730 
1 4745 
4 4763 
2 4772 
3 4793 
2 4795 
4 4813 
1 4817 
3 4835 
2 4845 
3 4858 
2 4863 
4 4877 
1 4887 
1 4907 
3 4915 
2 4923 
3 4932 
1 4945 
4 4960 
4 4975 
2 4988 
3 5000 
2 5013 
3 5017 
1 5030 
4 5032 
3 5053 
2 5057 
3 5073 
2 5080 
4 5097 
1 5100 
3 5113 
4 5118 
1 5122 
3 5132 
4 5138 
1 5140 
3 5148 
4 5153 
2 5158 
2 5177 
3 5182 
4 5188 
3 5200 
2 5200 
4 5210 
3 5218 
2 5225 
4 5227 
1 5248 
4 5262 
2 5285 
3 5305 
1 5347 
4 5360 
2 5378 
4 5380 
3 5402 
3 5430 
1 5455 
4 5467 
2 5487 
3 5498 
3 5513 
3 5527 
1 5547 
4 5577 
2 5595 
3 5608 
1 5645 
4 5660 
2 5675 
3 5693 
1 5720 
4 5728 
2 5748 
3 5767 
3 5803 
3 5823 
1 5832 
4 5847 
4 5867 
4 5883 
2 5895 
3 5908 
1 5937 
4 5948 
2 5965 
4 5968 
3 5990 
1 5998 
4 6030 
2 6053 
4 6092 
1 6108 
3 6132 
2 6142 
3 6148 
4 6172 
1 6178 
3 6198 
2 6240 
3 6252 
4 6267 
1 6285 
4 6322 
4 6345 
2 6357 
3 6375 
1 6405 
4 6445 
1 6472 
2 6502 
3 6515 
4 6540 
1 6553 
3 6578 
3 6593 
2 6618 
4 6647 
4 6662 
1 6690 
3 6705 
2 6735 
4 6745 
4 6763 
4 6778 
1 6795 
3 6807 
2 6828 
2 6853 
4 6868 
4 6883 
1 6900 
3 6919 
3 6933 
2 6937 
4 6957 
1 6972 
4 6993 
2 7027 
3 7038 
1 7063 
4 7070 
4 7085 
2 7097 
3 7108 
1 7132 
4 7143 
4 7160 
2 7168 
3 7183 
1 7202 
4 7210 
4 7223 
2 7235 
3 7248 
1 7263 
4 7283 
4 7298 
2 7313 
3 7327 
4 7362 
4 7392 
1 7393 
4 7408 
2 7417 
2 7452 
3 7480 
1 7493 
3 7497 
4 7518 
4 7537 
2 7540 
3 7560 
2 7562 
1 7585 
2 7613 
3 7627 
4 7633 
1 7637 
4 7652 
4 7667 
4 7678 
1 7687 
3 7718 
2 7735 
4 7747 
1 7767 
4 7783 
4 7802 
2 7820 
3 7837 
3 7850 
2 7877 
4 7895 
1 7913 
4 7923 
1 7937 
4 7938 
2 7965 
3 7972 
3 7987 
2 8000 
4 8018 
4 8036 
4 8053 
2 8062 
4 8075 
2 8098 
4 8122 
2 8135 
3 8153 
1 8163 
3 8173 
4 8188 
1 8188 
4 8206 
2 8213 
2 8243 
4 8260 
4 8275 
2 8290 
4 8315 
4 8332 
1 8338 
4 8348 
4 8365 
2 8376 
4 8400 
2 8425 
4 8445 
2 8502 
4 8511 
2 8526 
4 8528 
4 8545 
2 8548 
4 8560 
2 8565 
1 8588 
2 8630 
2 8655 
4 8665 
4 8680 
2 8685 
4 8696 
3 8708 
4 8711 
4 8725 
3 8725 
4 8738 
3 8741 
4 8751 
3 8758 
4 8765 
3 8771 
4 8778 
1 8805 
3 8813 
4 8835 
2 8847 
3 8867 
1 8893 
4 8915 
2 8925 
4 8936 
3 8953 
1 8965 
4 8985 
4 9003 
4 9018 
2 9031 
3 9070 
1 9090 
4 9105 
2 9136 
4 9163 
4 9181 
4 9211 
1 9220 
3 9252 
1 9285 
4 9307 
1 9330 
2 9361 
4 9398 
3 9411 
4 9433 
3 9460 
4 9496 
1 9515 
3 9538 
3 9556 
2 9561 
4 9590 
1 9610 
3 9631 
2 9676 
4 9695 
1 9710 
3 9735 
2 9753 
4 9773 
1 9828 
3 9836 
3 9853 
4 9856 
2 9898 
1 9918 
2 9933 
1 9936 
2 9945 
1 9950 
2 9956 
1 9966 
2 9970 
1 9982 
2 9985 
2 9998 
1 10000 
2 10013 
1 10016 
1 10031 
4 10043 
2 10055 
3 10071 
1 10077 
4 10085 
2 10100 
3 10103 
4 10120 
1 10123 
2 10158 
3 10178 
1 10181 
4 10188 
3 10198 
1 10198 
4 10212 
3 10216 
4 10223 
2 10240 
3 10261 
1 10268 
4 10270 
1 10281 
3 10283 
4 10288 
2 10303 
3 10327 
4 10328 
1 10341 
3 10343 
4 10350 
3 10363 
2 10380 
3 10400 
4 10408 
1 10413 
3 10421 
4 10428 
2 10448 
3 10458 
3 10475 
4 10481 
1 10488 
3 10495 
4 10501 
2 10523 
3 10543 
4 10552 
1 10565 
3 10566 
4 10571 
2 10600 
4 10606 
3 10613 
4 10621 
1 10641 
4 10645 
4 10661 
2 10680 
3 10706 
1 10711 
4 10715 
3 10728 
3 10741 
2 10753 
2 10777 
3 10780 
4 10785 
1 10796 
3 10798 
4 10805 
2 10830 
3 10850 
2 10853 
4 10858 
3 10870 
1 10875 
4 10877 
2 10906 
4 10908 
3 10923 
4 10930 
3 10941 
4 10948 
1 10956 
2 10985 
4 11001 
1 11008 
3 11013 
4 11021 
1 11026 
2 11051 
4 11066 
3 11076 
1 11078 
4 11086 
1 11090 
2 11120 
3 11126 
4 11133 
3 11146 
4 11153 
1 11161 
3 11168 
4 11171 
2 11190 
4 11211 
1 11221 
3 11226 
4 11233 
2 11256 
3 11261 
3 11278 
2 11283 
4 11301 
1 11305 
2 11336 
3 11336 
3 11351 
2 11355 
4 11371 
1 11401 
1 11476 
2 11485 
3 11488 
4 11493 
1 11551 
2 11558 
3 11565 
4 11570 
4 11628 
1 11635 
3 11656 
2 11668 
4 11680 
1 11706 
4 11708 
2 12796 
4 12800 
1 12808 
2 12820 
1 12828 
2 12840 
4 12841 
1 12850 
