518
3 476
2 478
3 502
2 503
4 530
1 532
3 552
2 553
2 579
3 580
4 608
1 609
3 630
2 630
2 658
3 658
4 687
1 688
2 707
3 708
1 742
4 744
3 791
2 811
4 844
1 861
3 892
2 923
4 946
1 976
2 1014
1 1014
4 1015
3 1016
4 1050
3 1051
1 1052
2 1052
1 1097
3 1110
2 1126
4 1141
1 1159
3 1180
2 1195
4 1211
1 1230
3 1249
2 1265
4 1287
1 1305
3 1326
2 1342
4 1361
1 1380
3 1405
2 1422
4 1443
1 1464
3 1486
2 1505
4 1523
1 1545
3 1564
2 1582
4 1599
1 1617
3 1641
2 1648
3 1656
2 1668
3 1672
2 1685
3 1686
1 1715
3 1740
2 1761
4 1779
1 1803
3 1821
2 1840
4 1860
1 1880
3 1906
2 1918
3 1941
2 1943
3 1957
2 1964
3 1974
2 1982
3 1987
1 2015
3 2030
2 2047
4 2052
1 2071
3 2074
4 2092
2 2100
3 2115
1 2125
4 2135
1 2149
2 2150
2 2185
3 2186
3 2206
2 2206
4 2243
1 2244
2 2265
3 2265
3 2296
2 2300
1 2338
3 2349
2 2367
4 2381
1 2401
3 2417
2 2435
4 2449
1 2468
3 2490
2 2507
4 2527
1 2545
3 2576
2 2584
3 2593
2 2602
3 2608
2 2618
3 2619
1 2646
3 2663
2 2682
4 2694
1 2716
3 2736
2 2757
4 2772
1 2794
3 2811
2 2831
4 2849
2 2873
3 2876
3 2890
2 2893
3 2906
2 2912
3 2921
2 2931
3 2933
1 2963
3 2979
2 3004
4 3024
1 3046
3 3068
2 3086
4 3110
1 3128
3 3155
2 3173
4 3195
1 3219
3 3238
2 3242
3 3258
2 3262
3 3273
1 3284
3 3302
2 3315
4 3321
1 3339
3 3340
4 3358
2 3362
3 3376
1 3380
4 3392
4 3425
1 3425
1 3446
4 3447
2 3477
3 3477
1 3498
4 3499
4 3540
1 3541
1 3585
3 3667
2 3684
4 3706
1 3751
3 3822
2 3841
4 3862
4 3903
3 3979
2 4001
1 4022
4 4057
2 4093
3 4133
1 4166
4 4208
1 4241
2 4289
3 4289
3 4307
2 4309
3 4326
2 4327
2 4344
3 4344
4 4368
1 4394
3 4432
2 4446
4 4464
1 4486
3 4510
2 4555
4 4597
1 4624
2 4650
3 4675
4 4714
1 4749
2 4790
3 4794
1 4827
3 4851
2 4868
4 4885
1 4906
3 4921
2 4937
4 4953
1 4984
4 5005
1 5022
2 5046
3 5061
1 5132
3 5149
2 5169
4 5186
1 5207
3 5227
2 5244
4 5264
4 5300
1 5337
3 5361
2 5378
2 5458
4 5459
4 5491
2 5492
1 5529
3 5532
1 5560
3 5565
3 5607
2 5616
4 5636
1 5655
3 5673
4 5692
4 5729
2 5747
4 5767
1 5793
3 5828
2 5844
4 5878
1 5916
3 5946
2 5979
4 6002
4 6043
1 6044
4 6064
1 6065
3 6089
2 6090
3 6110
2 6110
4 6137
1 6155
3 6218
2 6233
4 6251
1 6271
3 6286
2 6308
4 6321
4 6350
4 6370
1 6392
3 6417
2 6452
4 6472
4 6526
1 6541
3 6551
2 6570
4 6573
3 6600
1 6620
4 6662
2 6679
3 6699
1 6730
4 6763
2 6779
4 6843
2 6862
3 6881
1 6900
4 6919
2 6936
4 6977
2 6996
3 7021
1 7053
4 7090
2 7125
3 7127
4 7168
1 7169
4 7188
1 7190
3 7214
2 7214
2 7232
3 7233
1 7252
4 7253
4 7287
1 7300
3 7324
2 7347
4 7381
1 7398
3 7464
2 7479
4 7499
1 7518
3 7536
2 7558
4 7594
2 7617
3 7639
1 7665
1 7702
3 7715
2 7770
4 7791
1 7810
3 7829
2 7847
4 7868
4 7908
2 7928
3 7952
3 7978
1 8006
4 8027
4 8103
1 8126
3 8147
2 8165
4 8185
1 8219
3 8240
2 8260
4 8297
1 8332
4 8374
2 8416
3 8418
3 8437
2 8438
4 8459
1 8460
4 8477
1 8478
3 8502
2 8512
3 8517
2 8531
3 8533
2 8549
3 8550
3 8561
4 8581
1 8586
3 8606
2 8619
4 8638
1 8654
3 8670
2 8686
4 8702
1 8722
3 8738
2 8758
4 8771
1 8789
3 8806
2 8815
3 8824
2 8835
3 8840
2 8854
3 8855
1 8881
3 8893
2 8915
4 8916
1 8950
3 8965
2 8987
4 9004
1 9021
3 9041
2 9056
4 9069
1 9100
3 9111
2 9122
3 9128
2 9140
3 9143
2 9158
3 9158
1 9182
3 9203
2 9224
4 9241
1 9259
3 9281
2 9298
4 9317
1 9334
3 9355
2 9373
4 9392
1 9408
3 9428
2 9431
3 9443
2 9449
3 9458
2 9467
3 9472
2 9484
3 9486
1 9508
3 9522
2 9539
4 9550
1 9567
3 9574
4 9591
2 9593
3 9611
1 9613
4 9628
2 9636
3 9663
2 9664
3 9685
2 9685
4 9710
1 9710
2 9732
3 9732
4 9780
1 9781
4 9821
1 9822
3 9822
2 9823
2 9844
4 9845
3 9845
2 9872
4 9873
3 9874
2 9893
1 9894
4 9896
3 9897
4 9948
1 9950
4 9963
1 9967
4 9977
1 9984
4 9991
1 10003
4 10006
4 10019
1 10020
4 10030
1 10037
4 10044
2 10064
3 10065