456
4 1419
2 1421
1 1421
3 1421
4 1434
2 1436
1 1436
3 1436
4 1533
3 1533
2 1535
1 1535
4 1551
2 1551
1 1551
3 1551
4 1663
3 1663
2 1666
1 1666
4 1681
3 1681
2 1683
1 1683
4 1793
3 1793
2 1795
1 1795
4 1810
3 1810
2 1812
1 1812
4 1831
1 1831
2 1848
3 1851
2 1865
3 1867
3 1896
2 1898
4 1929
1 1961
3 1995
2 2003
3 2021
2 2033
3 2053
2 2090
4 2122
1 2136
3 2150
2 2164
4 2185
3 2188
2 2196
4 2207
3 2207
2 2235
3 2246
4 2249
2 2257
1 2287
3 2298
2 2309
3 2340
2 2346
1 2346
2 2364
3 2392
2 2417
4 2444
4 2493
4 2520
4 2550
4 2582
4 2612
4 2640
4 2667
4 2699
2 2733
3 2733
3 2761
2 2763
2 2792
3 2792
1 2824
2 2855
1 2891
1 2926
1 2959
1 2992
1 3026
1 3056
2 3086
2 3119
2 3152
2 3187
1 3215
2 3244
1 3258
2 3309
1 3322
3 3352
2 3365
4 3368
1 3376
3 3389
2 3409
3 3412
3 3437
3 3472
3 3505
3 3538
3 3572
3 3607
2 3635
2 3665
2 3700
4 3734
1 3763
4 3796
1 3798
1 3827
4 3829
2 3862
3 3862
3 3892
2 3894
2 3926
3 3929
3 3957
2 3961
1 3990
4 3994
2 4024
3 4026
3 4054
2 4058
3 4087
2 4090
4 4121
4 4154
4 4186
1 4215
1 4249
2 4280
3 4297
1 4340
3 4361
2 4435
1 4472
2 4505
4 4508
1 4508
3 4508
4 4554
2 4556
1 4556
3 4556
4 4601
3 4601
2 4603
1 4603
2 4699
1 4731
3 4761
2 4797
3 4811
1 4850
4 4867
2 4956
3 4991
1 5023
3 5055
2 5086
4 5114
1 5150
3 5208
2 5241
4 5278
3 5291
1 5302
2 5310
4 5325
1 5328
3 5343
2 5345
1 5367
4 5373
3 5379
2 5384
1 5409
3 5411
2 5415
3 5470
2 5473
3 5504
2 5508
1 5539
4 5570
2 5587
3 5602
2 5627
3 5642
2 5658
3 5692
2 5709
3 5727
1 5759
4 5774
2 5794
3 5826
1 5850
4 5863
2 5874
3 5876
1 5889
4 5891
2 5900
3 5925
2 5927
3 5956
2 5959
3 5989
2 5991
1 6024
4 6034
1 6052
4 6083
1 6097
4 6113
2 6152
4 6169
2 6187
4 6205
2 6218
4 6234
2 6250
3 6281
1 6302
3 6319
4 6329
2 6332
3 6351
2 6356
1 6356
3 6374
4 6376
2 6381
4 6396
2 6409
1 6409
4 6420
3 6420
1 6435
2 6438
4 6449
3 6451
1 6467
2 6470
4 6481
3 6483
2 6498
1 6501
2 6537
3 6549
2 6569
3 6599
1 6614
3 6633
2 6663
3 6679
2 6696
4 6730
1 6754
4 6768
1 6794
4 6811
1 6826
4 6860
1 6875
3 6893
1 6909
3 6925
1 6941
3 6958
3 6989
3 7024
2 7057
2 7088
2 7122
2 7154
1 7185
4 7202
1 7218
4 7233
1 7248
4 7263
1 7277
1 7312
1 7345
4 7355
1 7370
4 7385
1 7401
4 7418
1 7436
4 7451
2 7471
3 7486
2 7504
3 7519
2 7532
3 7566
4 7671
2 7671
1 7671
3 7674
1 7691
4 7693
2 7693
3 7693
4 7803
2 7805
1 7805
3 7805
4 7830
2 7832
1 7832
3 7832
2 7931
1 7931
4 7933
3 7933
4 7950
1 7950
2 7953
3 7953
4 8026
1 8026
2 8029
4 8055
1 8057
2 8060
3 8090
3 8143
3 8183
3 8220
3 8254
2 8284
2 8317
4 8346
1 8382
4 8394
1 8406
4 8435
1 8461
4 8475
1 8488
4 8507
1 8520
3 8540
2 8559
3 8574
2 8606
3 8641
2 8671
4 8704
1 8717
4 8731
4 8765
2 8767
1 8767
3 8767
4 8796
3 8796
2 8800
1 8800
1 8832
4 8834
2 8863
3 8866
4 8895
1 8897
2 8900
3 8900
4 8925
3 8925
2 8927
1 8927
4 8958
1 8958
3 8989
2 8991
4 9024
2 9054
3 9084
1 9114
4 9128
2 9152
3 9179
1 9217
4 9230
2 9245
3 9262
2 9277
4 9308
1 9341
3 9355
2 9371
2 9407
4 9413
4 9424
3 9426
2 9463
1 9466
4 9475
3 9475
2 9488
1 9488
4 9513
3 9515
2 9521
1 9521
4 9534
3 9534
2 9548
1 9550
4 9564
3 9566
2 9573
1 9573
4 9585
3 9585
2 9659
1 9662
4 9671
3 9671
2 9683
1 9685
4 9715
3 9715
2 9727
1 9727
4 9759
3 9759
2 9771
1 9771
4 9790
3 9794
2 9808
1 9808
4 9818
3 9818
1 9826
2 9829