403
4 228
2 230
4 248
2 250
1 270
3 274
3 298
1 301
3 317
1 319
1 346
3 348
4 381
2 381
4 414
2 416
4 475
1 478
4 495
1 495
4 510
1 513
2 536
3 536
3 552
2 554
2 581
3 581
4 618
1 651
4 682
2 714
3 728
2 744
3 771
2 785
4 820
1 835
4 857
1 891
3 948
2 960
3 978
2 993
4 1023
4 1061
4 1078
2 1101
3 1133
1 1163
1 1193
1 1210
1 1228
3 1254
2 1256
2 1270
3 1272
2 1299
3 1299
1 1339
4 1342
4 1371
1 1371
4 1432
2 1438
4 1461
2 1497
4 1510
2 1544
4 1555
1 1581
3 1613
1 1642
3 1672
1 1685
3 1703
2 1730
4 1747
4 1782
2 1784
4 1820
2 1822
4 1849
2 1853
3 1911
1 1913
1 1943
3 1945
2 1976
4 1980
2 1994
4 2023
1 2043
3 2063
1 2091
3 2120
2 2149
4 2184
4 2228
4 2275
3 2330
1 2365
2 2404
1 2443
2 2461
1 2474
2 2488
1 2524
1 2562
2 2597
2 2632
3 2659
2 2705
3 2756
2 2802
3 2844
2 2860
3 2903
2 2934
4 2970
4 3000
4 3031
4 3062
3 3090
2 3123
3 3156
2 3190
2 3243
2 3290
3 3321
4 3354
1 3402
3 3417
1 3431
3 3444
1 3482
1 3525
1 3559
1 3591
4 3618
4 3665
4 3712
2 3712
2 3771
4 3773
3 3807
1 3809
1 3832
3 3835
2 3879
4 3884
4 3907
4 3934
4 3958
1 3980
3 4013
2 4042
3 4073
2 4085
3 4101
2 4131
3 4149
1 4178
4 4218
4 4253
1 4310
3 4327
1 4342
3 4369
1 4384
4 4425
2 4465
3 4494
2 4525
2 4557
2 4588
2 4617
2 4656
2 4687
2 4720
2 4754
3 4778
1 4799
4 4824
2 4845
3 4867
3 4901
2 4903
3 4939
2 4941
2 4969
3 4972
4 5000
1 5002
3 5030
2 5034
1 5050
4 5054
2 5065
3 5067
1 5093
4 5095
2 5109
3 5109
3 5145
2 5147
2 5180
3 5180
4 5212
1 5270
3 5282
2 5298
3 5318
2 5347
3 5385
2 5420
4 5453
1 5481
3 5514
2 5526
3 5544
1 5581
4 5595
2 5627
3 5645
1 5665
4 5693
2 5748
3 5763
1 5785
4 5813
2 5829
3 5863
2 5879
3 5903
2 5905
3 5934
2 5936
1 5969
4 5971
1 5996
4 5999
4 6021
1 6021
4 6068
1 6068
3 6109
2 6139
4 6170
2 6206
4 6248
2 6289
3 6319
3 6351
1 6381
1 6426
4 6430
4 6465
1 6468
4 6489
1 6491
2 6528
3 6528
3 6557
2 6559
2 6585
3 6587
4 6617
1 6619
3 6648
2 6652
3 6680
2 6685
1 6739
1 6768
1 6804
2 6846
4 6888
3 6924
4 6980
4 7012
4 7045
1 7091
2 7127
3 7160
4 7219
1 7234
4 7250
1 7264
4 7281
2 7311
3 7368
1 7399
3 7429
2 7495
3 7521
2 7547
4 7581
4 7617
4 7644
2 7702
3 7733
1 7763
4 7806
2 7858
3 7889
1 7939
4 7975
3 8004
4 8048
2 8093
4 8125
3 8179
1 8239
4 8297
4 8334
4 8368
4 8393
4 8421
3 8452
2 8482
4 8535
1 8572
1 8646
3 8711
4 8713
2 8713
1 8713
4 8745
1 8745
4 8780
2 8780
1 8782
3 8782
1 8828
4 8865
2 8900
3 8933
1 8957
4 8989
2 9015
3 9075
1 9108
1 9144
1 9174
4 9202
2 9236
3 9266
1 9307
4 9350
2 9381
3 9410
1 9436
2 9508
4 9537
1 9562
4 9594
1 9618
3 9657
2 9687
4 9721
1 9747
4 9774
4 9805
4 9836
4 9861
4 9888
2 9920
2 9953
2 9980
3 10009
1 10030
1 10075
1 10106
1 10135
3 10162
1 10189
3 10193
1 10215
3 10219
3 10245
1 10247
2 10276
4 10311
4 10348
4 10379
1 10402
4 10431
1 10454
4 10472
1 10494
4 10507
1 10533
4 10544
1 10577
4 10597
4 10634
4 10674
1 10697
1 10729
1 10769
4 10806
4 10844