578
1 332
4 332
2 415
3 415
1 499
4 499
3 583
2 625
1 666
4 666
3 749
4 749
1 835
4 835
3 916
4 916
2 957
3 957
1 999
2 999
2 1083
1 1166
4 1166
2 1250
3 1292
1 1332
4 1332
2 1417
4 1417
1 1500
4 1500
2 1584
4 1584
1 1667
4 1667
2 1750
3 1750
1 1834
4 1834
1 1918
3 1959
1 2000
4 2000
3 2084
4 2084
1 2167
4 2167
4 2250
1 2292
1 2332
3 2332
2 2417
4 2417
1 2500
4 2500
2 2583
3 2583
1 2626
2 2626
3 2626
4 2626
4 2665
3 2676
4 2688
1 2708
2 2719
1 2730
4 2749
3 2760
4 2771
1 2791
2 2802
1 2813
4 2833
3 2844
4 2855
1 2874
2 2885
1 2896
4 2916
3 2927
4 2938
1 2958
2 2969
1 2980
4 2999
3 3010
4 3021
1 3041
2 3052
1 3063
4 3082
3 3093
4 3104
1 3124
2 3135
1 3146
4 3166
3 3177
4 3188
1 3207
2 3218
1 3229
4 3249
3 3260
4 3271
2 3291
3 3312
1 3333
2 3333
3 3333
4 3333
1 3375
4 3375
2 3396
4 3396
1 3417
3 3417
1 3458
1 3479
4 3500
3 3530
2 3541
1 3562
2 3583
4 3583
3 3625
1 3646
3 3667
1 3709
4 3709
2 3729
4 3729
1 3750
3 3750
1 3791
4 3812
4 3832
1 3863
2 3875
3 3896
2 3916
4 3916
2 3958
3 3979
1 4000
4 4041
1 4084
4 4125
1 4146
1 4167
4 4167
2 4208
2 4250
3 4250
2 4291
3 4313
4 4333
1 4375
4 4416
1 4459
4 4480
1 4500
4 4500
3 4541
2 4583
3 4583
3 4625
2 4646
1 4667
2 4708
4 4708
2 4729
4 4729
2 4750
4 4750
1 4791
4 4791
3 4812
1 4833
3 4833
2 4875
4 4896
2 4916
3 4916
1 4958
3 4979
4 5000
1 5042
2 5042
2 5063
3 5063
3 5084
4 5084
1 5125
3 5146
1 5167
4 5167
2 5208
3 5229
2 5150
3 5150
2 5191
4 5213
1 5333
4 5375
1 5417
1 5459
4 5459
1 5489
4 5489
1 5500
4 5500
2 5542
2 5584
3 5584
2 5625
3 5646
4 5667
1 5708
4 5750
1 5792
2 5792
3 5813
2 5833
3 5833
1 6000
4 6000
3 6042
4 6042
1 6084
2 6084
3 6125
3 6146
1 6167
4 6167
2 6209
3 6209
2 6250
3 6250
4 6291
4 6312
2 6333
4 6333
2 6375
4 6375
1 6418
3 6418
2 6459
4 6480
1 6499
3 6499
2 6583
3 6583
1 6668
4 6668
3 6709
4 6709
1 6750
2 6750
3 6791
3 6812
1 6832
4 6832
2 6875
3 6875
2 6918
3 6918
4 6959
4 6980
2 7000
4 7000
2 7042
4 7042
1 7083
3 7083
2 7125
4 7146
4 7166
3 7177
4 7188
1 7208
2 7219
1 7230
4 7249
3 7260
4 7271
1 7291
2 7302
1 7313
4 7333
3 7344
4 7355
1 7375
2 7386
1 7397
4 7416
3 7427
4 7438
1 7458
2 7469
1 7480
4 7499
3 7510
4 7521
1 7541
2 7552
1 7563
4 7582
3 7593
4 7604
1 7624
2 7635
1 7646
4 7666
3 7677
4 7688
1 7708
2 7719
1 7730
4 7749
3 7760
4 7771
4 7791
1 7801
4 7812
1 7832
3 7832
1 7854
3 7854
3 7864
4 7864
2 7875
3 7875
2 7896
1 7917
4 7928
1 7948
4 7948
1 7959
2 7959
1 7980
3 7980
2 8020
3 8041
2 8061
3 8072
1 8114
4 8114
4 8135
2 8145
1 8187 
1 8209
3 8229
4 8259
3 8271
4 8291
2 8313
2 8333
3 8333
3 8345
2 8367
4 8367
1 8520
3 8520
2 8531
3 8531
3 8542
4 8542
1 8562
4 8583
2 8614
3 8646
2 8667
4 8667
3 8677
4 8677
2 8698
4 8698
1 8729
1 8750
1 8760
1 8781
3 8781
2 8854
4 8864
2 8875
3 8896
4 8917
1 8938
4 8959
1 8980
2 9000
4 9000
1 9031
3 9031
2 9063
4 9062
1 9094
2 9094
3 9094
4 9094
3 9125
2 9135
3 9145
1 9167
2 9167
2 9209
3 9209
3 9250
4 9250
2 9291
4 9313
1 9333
4 9333
1 9375
3 9375
2 9416
4 9416
3 9459
4 9479
2 9500
4 9500
1 9541
2 9541
2 9584
3 9584
1 9625
4 9646
1 9667
4 9667
2 9750
3 9750
1 9832
2 9832
2 9876
3 9876
3 9918
4 9918
2 9959
4 9980
1 10000
4 10000
1 10041
3 10041
2 10083
4 10083
2 10125
1 10146
1 10168
3 10168
3 10209
4 10209
2 10250
3 10250
1 10291
4 10313
1 10333
4 10333
3 10500
2 10521
3 10542
2 10562
3 10582
2 10604
2 10625
3 10625
1 10646
4 10646
2 10668
3 10668
1 10686
4 10708
2 10729
3 10749
2 10771
1 10791
4 10791
2 10812
3 10812
1 10833
4 10833
1 10854
3 10875
2 10896
4 10917
1 10938
3 10959
4 10959
2 10979
3 10979
1 10999
2 10999
3 11020
1 11041
1 11063
4 11083
2 11104
2 11125
3 11146
3 11168
2 11188
3 11209
2 11230
3 11250
2 11270
2 11291
3 11291
1 11312
4 11312
2 11332
3 11332
1 11354
4 11375
2 11396
3 11418
2 11438
1 11459
4 11459
2 11479
3 11479
1 11500
4 11500
1 11520
3 11541
2 11562
4 11583
1 11604
3 11625
4 11647
4 11667
3 11678
4 11689
1 11708
2 11719
1 11730
4 11749
3 11760
4 11771
1 11791
2 11802
1 11813
4 11832
3 11843
4 11854
1 11874
2 11885
1 11896
4 11916
3 11927
4 11938
1 11958
2 11969
1 11980
4 11999
3 12010
4 12021
1 12041
2 12052
1 12063
4 12083
3 12094
4 12105
1 12124
2 12135
1 12146
4 12166
3 12177
4 12188
1 12208
2 12219
1 12230
4 12249
3 12260
4 12271
1 12291
2 12302
1 12313