338
1 230
4 230
2 279
3 279
4 345
1 349
2 406
3 406
3 458
2 494
3 526
2 565
3 589
1 635
4 643
3 656
2 687
3 692
1 768
2 842
3 842
1 912
2 982
2 1020
2 1055
2 1087
4 1126
1 1157
3 1197
4 1256
1 1256
3 1653
2 1655
1 1694
4 1698
3 1725
2 1727
1 1753
4 1755
2 1766
3 1766
4 1779
1 1781
2 1790
3 1792
4 1816
1 1818
3 1824
2 1827
4 1852
1 1852
2 1859
3 1861
4 1876
1 1878
2 1886
3 1886
1 1912
4 1914
2 1920
3 1920
1 1934
4 1937
2 1943
3 1945
3 1974
2 1976
3 2011
2 2014
3 2049
2 2051
1 2089
4 2092
2 2113
3 2115
4 2138
3 2181
2 2206
4 2232
2 2260
3 2279
2 2294
3 2314
2 2357
4 2383
1 2398
3 2448
2 2471
4 2498
4 2535
4 2565
1 2588
1 2623
2 2655
3 2677
2 2708
3 2742
1 2759
3 2793
2 2825
3 2846
2 2877
4 2908
1 2926
3 2960
2 2975
3 2996
2 3009
3 3041
1 3076
4 3100
2 3134
3 3162
2 3175
3 3202
2 3227
3 3256
1 3275
3 3306
3 3341
3 3366
3 3398
3 3427
3 3449
1 3487
2 3494
2 3534
2 3594
2 3617
2 3660
2 3703
1 3767
3 3825
1 3850
4 3882
1 3908
4 3943
1 3962
4 3998
4 4043
4 4082
4 4111
4 4132
2 4169
4 4201
2 4216
4 4254
1 4281
3 4300
3 4366
3 4388
3 4425
2 4451
1 4478
1 4520
1 4561
1 4595
4 4628
1 4645
4 4683
2 4720
3 4760
2 4794
4 4815
4 4852
2 4883
3 4886
2 4928
3 4965
2 4983
3 5017
2 5047
3 5071
3 5109
3 5140
2 5163
2 5197
2 5227
1 5249
1 5282
1 5320
4 5344
4 5373
4 5401
1 5419
4 5448
2 5483
3 5483
2 5504
3 5504
2 5535
3 5537
1 5568
4 5570
4 5589
1 5592
2 5619
3 5622
3 5658
2 5662
4 5666
1 5673
3 5682
2 5686
4 5695
1 5697
3 5705
2 5708
4 5716
1 5719
4 5745
4 5786
4 5820
4 5843
4 5875
4 5907
3 5934
3 5968
3 6000
3 6022
2 6049
2 6079
2 6100
4 6133
1 6167
3 6187
2 6215
4 6251
1 6267
2 6304
2 6352
2 6396
4 6444
4 6478
4 6507
2 6550
3 6552
2 6571
3 6573
2 6593
3 6593
1 6619
4 6621
2 6659
3 6659
2 6703
3 6706
2 6741
3 6741
3 6765
2 6767
1 6788
4 6792
4 6813
4 6837
1 6839
1 6857
4 6860
2 6879
3 6881
2 6898
3 6902
2 6915
2 6957
3 6959
2 7000
3 7002
1 7044
2 7077
1 7113
2 7131
1 7161
2 7180
3 7198
4 7227
4 7256
4 7308
4 7349
3 7392
4 7424
2 7459
3 7481
2 7499
4 7524
4 7565
4 7599
3 7650
4 7690
3 7733
4 7765
3 7791
2 7817
3 7840
2 7859
3 7885
1 7906
1 7938
2 7986
3 7988
2 8028
3 8030
4 8075
1 8078
1 8115
4 8119
2 8160
4 8164
2 8186
4 8190
1 8213
3 8213
3 8233
1 8235
2 8253
4 8255
3 8264
1 8270
2 8275
4 8279
2 8334
3 8334
2 8376
3 8378
4 8423
1 8423
3 8450
2 8452
3 8496
2 8507
3 8527
2 8547
3 8567
2 8591
3 8629
4 8673
1 8759
4 8850
1 8946