688
1 236
4 245
1 316
4 318
4 391
1 395
2 428
3 430
2 466
4 468
1 468
3 509
2 520
4 524
1 528
2 541
3 541
1 554
4 556
4 582
2 604
4 621
2 631
4 642
2 667
4 686
1 708
3 719
1 730
3 755
1 767
3 786
1 797
4 820
2 820
3 851
2 864
4 877
2 897
3 916
2 929
3 947
2 959
4 981
1 996
4 1012
1 1025
4 1041
1 1058
4 1075
1 1088
3 1107
2 1121
3 1140
2 1151
3 1171
2 1179
4 1211
1 1225
4 1246
1 1265
4 1285
1 1299
4 1317
1 1328
3 1359
2 1370
3 1398
2 1416
3 1436
2 1446
3 1469
2 1487
3 1511
2 1524
3 1538
2 1550
4 1573
1 1587
4 1605
1 1619
4 1638
1 1649
4 1667
2 1691
3 1693
1 1711
4 1713
2 1713
3 1715
4 1733
2 1735
1 1735
3 1735
4 1753
1 1753
3 1776
2 1786
4 1813
1 1822
3 1846
2 1848
4 1859
1 1861
2 1876
3 1881
1 1896
4 1915
2 1930
4 1955
2 1968
3 1986
1 1997
3 2022
1 2036
4 2058
2 2079
4 2105
2 2123
4 2142
1 2159
4 2176
1 2194
3 2219
2 2235
3 2257
2 2267
3 2289
2 2291
2 2311
3 2313
1 2330
4 2332
1 2356
4 2358
2 2381
3 2388
1 2403
4 2405
2 2418
3 2423
2 2450
3 2452
3 2475
2 2481
3 2508
2 2519
4 2541
1 2554
4 2592
1 2607
4 2622
1 2637
3 2655
2 2667
4 2696
1 2713
3 2735
2 2750
4 2770
1 2789
4 2811
1 2819
4 2834
1 2843
3 2881
2 2915
4 2941
1 2971
3 2995
2 3010
3 3027
2 3029
2 3055
3 3057
1 3084
4 3086
3 3154
2 3156
4 3177
1 3181
3 3206
2 3210
2 3238
3 3244
3 3269
2 3273
1 3290
4 3314
1 3329
4 3349
1 3378
3 3447
2 3469
4 3497
2 3497
2 3527
4 3529
1 3563
3 3563
1 3585
4 3590
2 3610
3 3610
1 3627
4 3629
2 3653
3 3657
4 3679
2 3681
3 3681
1 3683
1 3744
4 3748
3 3772
3 3796
2 3821
4 3859
2 3878
4 3898
1 3916
4 3947
1 3968
3 4008
2 4048
4 4066
2 4080
4 4101
2 4111
3 4127
1 4142
3 4166
1 4182
3 4199
2 4219
4 4239
2 4257
4 4268
2 4297
3 4312
1 4330
3 4344
1 4363
3 4379
1 4392
4 4409
2 4429
4 4453
2 4476
4 4495
2 4512
4 4531
2 4551
3 4572
1 4587
3 4609
1 4625
4 4645
2 4671
4 4686
2 4706
4 4719
1 4740
4 4757
1 4779
4 4794
2 4820
3 4840
2 4859
3 4873
2 4891
3 4908
2 4924
3 4938
1 4957
4 4977
1 4992
4 5011
1 5028
4 5048
1 5069
4 5092
2 5111
3 5128
2 5149
4 5154
2 5185
4 5207
2 5209
4 5231
4 5255
4 5282
4 5310
2 5343
2 5364
2 5386
3 5401
1 5428
3 5457
3 5521
2 5524
2 5542
3 5545
4 5573
1 5573
4 5601
1 5603
3 5640
2 5661
3 5682
1 5700
1 5729
2 5761
1 5822
3 5840
2 5867
2 5905
2 5939
4 5957
1 5976
3 5994
2 6021
3 6021
3 6051
2 6053
1 6115
4 6118
1 6137
4 6139
3 6168
2 6196
2 6241
3 6262
2 6286
4 6315
4 6348
1 6366
1 6419
4 6421
1 6437
4 6442
3 6467
2 6469
2 6498
3 6498
2 6518
3 6518
1 6543
4 6545
4 6574
1 6574
4 6593
1 6593
3 6619
2 6621
3 6652
2 6654
3 6670
2 6673
1 6692
4 6694
1 6718
4 6722
4 6738
1 6740
3 6762
2 6765
3 6791
2 6796
3 6811
2 6813
1 6835
4 6837
1 6865
4 6867
1 6885
4 6887
1 6909
4 6911
1 6943
4 6945
4 6961
1 6964
3 6985
2 6987
2 7016
3 7016
3 7036
2 7039
3 7061
2 7063
2 7093
3 7095
2 7113
3 7115
2 7137
3 7137
1 7164
4 7166
1 7181
4 7186
4 7207
1 7209
3 7238
2 7240
3 7257
2 7260
3 7283
2 7288
4 7316
2 7318
4 7334
2 7337
2 7358
4 7361
1 7388
3 7388
1 7419
3 7421
3 7465
1 7467
1 7484
3 7486
1 7506
3 7508
2 7534
4 7536
4 7566
2 7566
3 7606
2 7612
4 7630
1 7642
3 7657
2 7661
4 7679
1 7679
1 7710
4 7712
1 7730
4 7732
1 7751
4 7754
1 7773
4 7776
1 7799
4 7801
1 7828
4 7831
4 7846
1 7848
3 7902
2 7905
3 7921
2 7923
2 7946
3 7948
2 7971
3 7971
2 8014
3 8014
3 8034
2 8036
4 8065
4 8099
2 8099
4 8122
1 8124
1 8142
3 8144
1 8201
4 8203
4 8228
4 8255
4 8280
4 8316
4 8334
1 8362
1 8394
1 8422
1 8441
3 8487
3 8509
3 8540
3 8573
3 8593
2 8649
2 8669
2 8693
2 8719
2 8737
4 8790
2 8812
4 8840
4 8870
4 8906
1 8923
1 8942
1 8963
1 8990
2 9020
3 9036
3 9094
3 9114
2 9141
2 9170
2 9205
1 9221
4 9240
1 9256
4 9285
2 9308
3 9326
2 9391
3 9407
2 9433
3 9460
1 9497
1 9518
1 9538
4 9555
2 9583
3 9606
2 9630
1 9674
4 9676
3 9702
2 9704
2 9723
3 9726
2 9754
3 9756
2 9775
3 9777
1 9825
4 9828
2 9844
3 9846
3 9876
2 9878
2 9904
3 9906
1 9924
4 9928
3 9957
2 9959
4 9998
1 9998
4 10019
2 10027
3 10027
4 10042
1 10044
2 10062
4 10089
2 10104
4 10115
2 10126
4 10148
2 10164
4 10185
2 10193
4 10208
2 10229
4 10248
2 10263
4 10272
1 10302
4 10317
1 10333
4 10345
1 10365
4 10374
1 10396
4 10410
4 10431
1 10447
4 10467
1 10483
4 10492
4 10513
1 10526
4 10541
1 10558
4 10566
1 10593
3 10601
1 10621
3 10632
1 10651
3 10676
1 10691
3 10704
1 10721
3 10744
1 10757
3 10773
1 10787
3 10810
1 10826
3 10840
1 10849
2 10880
3 10885
2 10915
3 10923
2 10938
3 10959
2 10976
3 10990
2 11006
3 11034
2 11051
3 11067
2 11078
3 11103
2 11108
3 11124
2 11126
3 11146
2 11150
3 11166
2 11170
1 11186
4 11189
3 11211
2 11213
2 11232
3 11234
2 11253
3 11255
3 11272
2 11274
1 11288
4 11291
1 11323
4 11327
1 11345
4 11347
4 11365
1 11365
4 11399
2 11401
1 11401
3 11401
4 11439
2 11441
1 11441
3 11441
2 11481
1 11481
3 11481
4 11481
1 11501
4 11504
2 11504
3 11504
4 11522
1 11522
3 11522
4 11555
3 11555
2 11558
1 11558
4 11576
1 11576
3 11579
2 11581
4 11598
1 11598
3 11598
2 11600
4 11631
1 11631
3 11631
2 11631
4 11651
2 11654
1 11654
3 11654
4 11673
3 11673
2 11676
1 11676
4 11704
3 11704
2 11706
1 11706